% # columns="iteration, evaluation, min max(neg(.)) min(pos(.)) max correlation, correlation matrix principal axes lengths  (sorted square roots of eigenvalues of correlation matrix)", seed=334079, Thu Apr 10 00:10:05 2025
1 12 -0.03375720744052743 -0.006006733073470093 0.004963422349556899 0.03148570617396435 0.9539782421843365 0.9684255133506354 0.9773724634911697 0.9834675389601616 0.9965000276712889 0.9990233873461121 1.0007249272919143 1.0015309432457975 1.0029435096807244 1.0040249456619523 1.0060463426577546 1.0083609856958244 1.0101415674833722 1.0113675523590933 1.0228529945275826 1.0496075957463251
2 24 -0.039210098174694286 -0.010592898473296962 0.010988898581658153 0.04558331202988651 0.9539782421843365 0.9684255133506354 0.9773724634911697 0.9834675389601616 0.9965000276712889 0.9990233873461121 1.0007249272919143 1.0015309432457975 1.0029435096807244 1.0040249456619523 1.0060463426577546 1.0083609856958244 1.0101415674833722 1.0113675523590933 1.0228529945275826 1.0496075957463251
3 36 -0.054642205807443486 -0.01717323472289973 0.01314187344358418 0.0815889819769878 0.9539782421843365 0.9684255133506354 0.9773724634911697 0.9834675389601616 0.9965000276712889 0.9990233873461121 1.0007249272919143 1.0015309432457975 1.0029435096807244 1.0040249456619523 1.0060463426577546 1.0083609856958244 1.0101415674833722 1.0113675523590933 1.0228529945275826 1.0496075957463251
4 48 -0.06854811037798296 -0.02085183435512409 0.016891125570699463 0.09290398019060737 0.9539782421843365 0.9684255133506354 0.9773724634911697 0.9834675389601616 0.9965000276712889 0.9990233873461121 1.0007249272919143 1.0015309432457975 1.0029435096807244 1.0040249456619523 1.0060463426577546 1.0083609856958244 1.0101415674833722 1.0113675523590933 1.0228529945275826 1.0496075957463251
5 60 -0.1076530195142902 -0.028287511048291813 0.020718033528994748 0.09994365423283647 0.9539782421843365 0.9684255133506354 0.9773724634911697 0.9834675389601616 0.9965000276712889 0.9990233873461121 1.0007249272919143 1.0015309432457975 1.0029435096807244 1.0040249456619523 1.0060463426577546 1.0083609856958244 1.0101415674833722 1.0113675523590933 1.0228529945275826 1.0496075957463251
6 72 -0.1036890209858467 -0.03035353702604158 0.02743796244837917 0.12869820343122435 0.9539782421843365 0.9684255133506354 0.9773724634911697 0.9834675389601616 0.9965000276712889 0.9990233873461121 1.0007249272919143 1.0015309432457975 1.0029435096807244 1.0040249456619523 1.0060463426577546 1.0083609856958244 1.0101415674833722 1.0113675523590933 1.0228529945275826 1.0496075957463251
7 84 -0.13214883231750404 -0.03640696287801855 0.027270318228857157 0.14888742119373283 0.9539782421843365 0.9684255133506354 0.9773724634911697 0.9834675389601616 0.9965000276712889 0.9990233873461121 1.0007249272919143 1.0015309432457975 1.0029435096807244 1.0040249456619523 1.0060463426577546 1.0083609856958244 1.0101415674833722 1.0113675523590933 1.0228529945275826 1.0496075957463251
8 96 -0.14782730891181864 -0.03497134573863854 0.03210998013615661 0.14885157650192832 0.9539782421843365 0.9684255133506354 0.9773724634911697 0.9834675389601616 0.9965000276712889 0.9990233873461121 1.0007249272919143 1.0015309432457975 1.0029435096807244 1.0040249456619523 1.0060463426577546 1.0083609856958244 1.0101415674833722 1.0113675523590933 1.0228529945275826 1.0496075957463251
9 108 -0.13617105778154087 -0.03861551293796449 0.031171540994489204 0.15238589702396443 0.9539782421843365 0.9684255133506354 0.9773724634911697 0.9834675389601616 0.9965000276712889 0.9990233873461121 1.0007249272919143 1.0015309432457975 1.0029435096807244 1.0040249456619523 1.0060463426577546 1.0083609856958244 1.0101415674833722 1.0113675523590933 1.0228529945275826 1.0496075957463251
10 120 -0.1400921745764585 -0.036514515420552035 0.040036524311348694 0.1397731120488115 0.9539782421843365 0.9684255133506354 0.9773724634911697 0.9834675389601616 0.9965000276712889 0.9990233873461121 1.0007249272919143 1.0015309432457975 1.0029435096807244 1.0040249456619523 1.0060463426577546 1.0083609856958244 1.0101415674833722 1.0113675523590933 1.0228529945275826 1.0496075957463251
11 132 -0.15755223658724787 -0.03953690137916513 0.04728148345489401 0.13266937456921443 0.9539782421843365 0.9684255133506354 0.9773724634911697 0.9834675389601616 0.9965000276712889 0.9990233873461121 1.0007249272919143 1.0015309432457975 1.0029435096807244 1.0040249456619523 1.0060463426577546 1.0083609856958244 1.0101415674833722 1.0113675523590933 1.0228529945275826 1.0496075957463251
12 144 -0.16063122238064073 -0.03790771534334167 0.0448858991758631 0.14123382638542986 0.9539782421843365 0.9684255133506354 0.9773724634911697 0.9834675389601616 0.9965000276712889 0.9990233873461121 1.0007249272919143 1.0015309432457975 1.0029435096807244 1.0040249456619523 1.0060463426577546 1.0083609856958244 1.0101415674833722 1.0113675523590933 1.0228529945275826 1.0496075957463251
13 156 -0.1701649200340584 -0.03794117069147655 0.042923824182337145 0.15538106830080917 0.9539782421843365 0.9684255133506354 0.9773724634911697 0.9834675389601616 0.9965000276712889 0.9990233873461121 1.0007249272919143 1.0015309432457975 1.0029435096807244 1.0040249456619523 1.0060463426577546 1.0083609856958244 1.0101415674833722 1.0113675523590933 1.0228529945275826 1.0496075957463251
14 168 -0.17622065479021184 -0.03662517340697222 0.04860664520629766 0.15930077921473423 0.9539782421843365 0.9684255133506354 0.9773724634911697 0.9834675389601616 0.9965000276712889 0.9990233873461121 1.0007249272919143 1.0015309432457975 1.0029435096807244 1.0040249456619523 1.0060463426577546 1.0083609856958244 1.0101415674833722 1.0113675523590933 1.0228529945275826 1.0496075957463251
15 180 -0.17237821133086914 -0.04069468087334538 0.050630206996387886 0.1774215171658877 0.9539782421843365 0.9684255133506354 0.9773724634911697 0.9834675389601616 0.9965000276712889 0.9990233873461121 1.0007249272919143 1.0015309432457975 1.0029435096807244 1.0040249456619523 1.0060463426577546 1.0083609856958244 1.0101415674833722 1.0113675523590933 1.0228529945275826 1.0496075957463251
16 192 -0.17158115547339536 -0.04723476150631242 0.05478903416618929 0.1819825046397652 0.9539782421843365 0.9684255133506354 0.9773724634911697 0.9834675389601616 0.9965000276712889 0.9990233873461121 1.0007249272919143 1.0015309432457975 1.0029435096807244 1.0040249456619523 1.0060463426577546 1.0083609856958244 1.0101415674833722 1.0113675523590933 1.0228529945275826 1.0496075957463251
17 204 -0.17337219881601015 -0.04885703160182882 0.05467816060011477 0.18761545462412454 0.8280424786609422 0.8321774066415364 0.8678935793365412 0.8953269996785048 0.8997901226047181 0.9064794919935076 0.9307185120395813 0.9589575649541847 0.9819627867035463 0.9926741314365036 1.0073678182995993 1.0416235791403612 1.0949262036702938 1.1142049620427448 1.1735130618649676 1.3352682797366078
18 216 -0.1785102372591245 -0.05334807864394666 0.056489015703317436 0.1770547129471234 0.8280424786609422 0.8321774066415364 0.8678935793365412 0.8953269996785048 0.8997901226047181 0.9064794919935076 0.9307185120395813 0.9589575649541847 0.9819627867035463 0.9926741314365036 1.0073678182995993 1.0416235791403612 1.0949262036702938 1.1142049620427448 1.1735130618649676 1.3352682797366078
19 228 -0.18963545272712024 -0.05057241427137865 0.05623020557913805 0.19041632161563296 0.8280424786609422 0.8321774066415364 0.8678935793365412 0.8953269996785048 0.8997901226047181 0.9064794919935076 0.9307185120395813 0.9589575649541847 0.9819627867035463 0.9926741314365036 1.0073678182995993 1.0416235791403612 1.0949262036702938 1.1142049620427448 1.1735130618649676 1.3352682797366078
20 240 -0.180635868297627 -0.04965829360836106 0.05184778992247344 0.1921016375419213 0.8280424786609422 0.8321774066415364 0.8678935793365412 0.8953269996785048 0.8997901226047181 0.9064794919935076 0.9307185120395813 0.9589575649541847 0.9819627867035463 0.9926741314365036 1.0073678182995993 1.0416235791403612 1.0949262036702938 1.1142049620427448 1.1735130618649676 1.3352682797366078
21 252 -0.17594184128703147 -0.051501969904418715 0.04892134440726206 0.204923883827257 0.8280424786609422 0.8321774066415364 0.8678935793365412 0.8953269996785048 0.8997901226047181 0.9064794919935076 0.9307185120395813 0.9589575649541847 0.9819627867035463 0.9926741314365036 1.0073678182995993 1.0416235791403612 1.0949262036702938 1.1142049620427448 1.1735130618649676 1.3352682797366078
22 264 -0.18048299351559124 -0.050748886883851284 0.05510622193930251 0.2208197777389587 0.8280424786609422 0.8321774066415364 0.8678935793365412 0.8953269996785048 0.8997901226047181 0.9064794919935076 0.9307185120395813 0.9589575649541847 0.9819627867035463 0.9926741314365036 1.0073678182995993 1.0416235791403612 1.0949262036702938 1.1142049620427448 1.1735130618649676 1.3352682797366078
23 276 -0.18994975250909632 -0.050522825000389585 0.06024738700639777 0.2309508641190095 0.8280424786609422 0.8321774066415364 0.8678935793365412 0.8953269996785048 0.8997901226047181 0.9064794919935076 0.9307185120395813 0.9589575649541847 0.9819627867035463 0.9926741314365036 1.0073678182995993 1.0416235791403612 1.0949262036702938 1.1142049620427448 1.1735130618649676 1.3352682797366078
24 288 -0.1888545688606321 -0.05219291102197822 0.05938175625278859 0.25330925887379385 0.8280424786609422 0.8321774066415364 0.8678935793365412 0.8953269996785048 0.8997901226047181 0.9064794919935076 0.9307185120395813 0.9589575649541847 0.9819627867035463 0.9926741314365036 1.0073678182995993 1.0416235791403612 1.0949262036702938 1.1142049620427448 1.1735130618649676 1.3352682797366078
25 300 -0.2053006570853632 -0.05272048140294794 0.05305842864293421 0.2808315920552326 0.8280424786609422 0.8321774066415364 0.8678935793365412 0.8953269996785048 0.8997901226047181 0.9064794919935076 0.9307185120395813 0.9589575649541847 0.9819627867035463 0.9926741314365036 1.0073678182995993 1.0416235791403612 1.0949262036702938 1.1142049620427448 1.1735130618649676 1.3352682797366078
26 312 -0.22868347458153973 -0.050214991037348986 0.059539520923162156 0.2973297513258094 0.8280424786609422 0.8321774066415364 0.8678935793365412 0.8953269996785048 0.8997901226047181 0.9064794919935076 0.9307185120395813 0.9589575649541847 0.9819627867035463 0.9926741314365036 1.0073678182995993 1.0416235791403612 1.0949262036702938 1.1142049620427448 1.1735130618649676 1.3352682797366078
27 324 -0.24422313075165458 -0.06285592906252768 0.0588516888448432 0.28690465180933145 0.8280424786609422 0.8321774066415364 0.8678935793365412 0.8953269996785048 0.8997901226047181 0.9064794919935076 0.9307185120395813 0.9589575649541847 0.9819627867035463 0.9926741314365036 1.0073678182995993 1.0416235791403612 1.0949262036702938 1.1142049620427448 1.1735130618649676 1.3352682797366078
28 336 -0.24890728436673248 -0.058704198958916154 0.060939928702087684 0.28612075374077395 0.8280424786609422 0.8321774066415364 0.8678935793365412 0.8953269996785048 0.8997901226047181 0.9064794919935076 0.9307185120395813 0.9589575649541847 0.9819627867035463 0.9926741314365036 1.0073678182995993 1.0416235791403612 1.0949262036702938 1.1142049620427448 1.1735130618649676 1.3352682797366078
29 348 -0.26260387178392663 -0.058014519436005295 0.061176331336420926 0.2824459890276057 0.8280424786609422 0.8321774066415364 0.8678935793365412 0.8953269996785048 0.8997901226047181 0.9064794919935076 0.9307185120395813 0.9589575649541847 0.9819627867035463 0.9926741314365036 1.0073678182995993 1.0416235791403612 1.0949262036702938 1.1142049620427448 1.1735130618649676 1.3352682797366078
30 360 -0.26698548168478947 -0.056497238887967066 0.060408943188898334 0.28550945123677784 0.8280424786609422 0.8321774066415364 0.8678935793365412 0.8953269996785048 0.8997901226047181 0.9064794919935076 0.9307185120395813 0.9589575649541847 0.9819627867035463 0.9926741314365036 1.0073678182995993 1.0416235791403612 1.0949262036702938 1.1142049620427448 1.1735130618649676 1.3352682797366078
31 372 -0.2774260958164919 -0.05601314809485614 0.06727930773525204 0.28050368539839016 0.8280424786609422 0.8321774066415364 0.8678935793365412 0.8953269996785048 0.8997901226047181 0.9064794919935076 0.9307185120395813 0.9589575649541847 0.9819627867035463 0.9926741314365036 1.0073678182995993 1.0416235791403612 1.0949262036702938 1.1142049620427448 1.1735130618649676 1.3352682797366078
32 384 -0.28285866979844815 -0.06127011535022675 0.06538235650413501 0.29721863047744423 0.8280424786609422 0.8321774066415364 0.8678935793365412 0.8953269996785048 0.8997901226047181 0.9064794919935076 0.9307185120395813 0.9589575649541847 0.9819627867035463 0.9926741314365036 1.0073678182995993 1.0416235791403612 1.0949262036702938 1.1142049620427448 1.1735130618649676 1.3352682797366078
33 396 -0.29168779098273784 -0.04967660912723804 0.06479536745817059 0.3035854874268234 0.7632110070058074 0.7734702615492705 0.8016418811534737 0.8266080289849391 0.8395588609033088 0.8765636428075078 0.8909688753387166 0.9264444969986708 0.9479526023615172 0.9792715490423572 0.993389165376988 1.0788598373238698 1.1179283532832944 1.1847492043988954 1.2457544922293486 1.4677697740289422
34 408 -0.2861626851370679 -0.06177652924490601 0.06763123789674474 0.2928094690423488 0.7632110070058074 0.7734702615492705 0.8016418811534737 0.8266080289849391 0.8395588609033088 0.8765636428075078 0.8909688753387166 0.9264444969986708 0.9479526023615172 0.9792715490423572 0.993389165376988 1.0788598373238698 1.1179283532832944 1.1847492043988954 1.2457544922293486 1.4677697740289422
35 420 -0.285669620906473 -0.06400818491509026 0.07519320579356367 0.29183007358757185 0.7632110070058074 0.7734702615492705 0.8016418811534737 0.8266080289849391 0.8395588609033088 0.8765636428075078 0.8909688753387166 0.9264444969986708 0.9479526023615172 0.9792715490423572 0.993389165376988 1.0788598373238698 1.1179283532832944 1.1847492043988954 1.2457544922293486 1.4677697740289422
36 432 -0.28677864192771585 -0.07272813096709724 0.073282538351757 0.2992678038408352 0.7632110070058074 0.7734702615492705 0.8016418811534737 0.8266080289849391 0.8395588609033088 0.8765636428075078 0.8909688753387166 0.9264444969986708 0.9479526023615172 0.9792715490423572 0.993389165376988 1.0788598373238698 1.1179283532832944 1.1847492043988954 1.2457544922293486 1.4677697740289422
37 444 -0.30123486228471075 -0.07403808149431368 0.07441334468231345 0.2785811959878095 0.7632110070058074 0.7734702615492705 0.8016418811534737 0.8266080289849391 0.8395588609033088 0.8765636428075078 0.8909688753387166 0.9264444969986708 0.9479526023615172 0.9792715490423572 0.993389165376988 1.0788598373238698 1.1179283532832944 1.1847492043988954 1.2457544922293486 1.4677697740289422
38 456 -0.2949123209384071 -0.06886635006242954 0.07501197797055278 0.27553848991856705 0.7632110070058074 0.7734702615492705 0.8016418811534737 0.8266080289849391 0.8395588609033088 0.8765636428075078 0.8909688753387166 0.9264444969986708 0.9479526023615172 0.9792715490423572 0.993389165376988 1.0788598373238698 1.1179283532832944 1.1847492043988954 1.2457544922293486 1.4677697740289422
39 468 -0.2999690886029385 -0.07622106579697135 0.08225951317149363 0.27194059758770445 0.7632110070058074 0.7734702615492705 0.8016418811534737 0.8266080289849391 0.8395588609033088 0.8765636428075078 0.8909688753387166 0.9264444969986708 0.9479526023615172 0.9792715490423572 0.993389165376988 1.0788598373238698 1.1179283532832944 1.1847492043988954 1.2457544922293486 1.4677697740289422
40 480 -0.31516819100410554 -0.07923341572633194 0.07847842915715658 0.29090005752589876 0.7632110070058074 0.7734702615492705 0.8016418811534737 0.8266080289849391 0.8395588609033088 0.8765636428075078 0.8909688753387166 0.9264444969986708 0.9479526023615172 0.9792715490423572 0.993389165376988 1.0788598373238698 1.1179283532832944 1.1847492043988954 1.2457544922293486 1.4677697740289422
41 492 -0.30218072813646646 -0.07740734351074349 0.08555767029021664 0.28529202123756703 0.7632110070058074 0.7734702615492705 0.8016418811534737 0.8266080289849391 0.8395588609033088 0.8765636428075078 0.8909688753387166 0.9264444969986708 0.9479526023615172 0.9792715490423572 0.993389165376988 1.0788598373238698 1.1179283532832944 1.1847492043988954 1.2457544922293486 1.4677697740289422
42 504 -0.2864352489882573 -0.08027062232357719 0.08209123702108637 0.2948156397829706 0.7632110070058074 0.7734702615492705 0.8016418811534737 0.8266080289849391 0.8395588609033088 0.8765636428075078 0.8909688753387166 0.9264444969986708 0.9479526023615172 0.9792715490423572 0.993389165376988 1.0788598373238698 1.1179283532832944 1.1847492043988954 1.2457544922293486 1.4677697740289422
43 516 -0.26805282109101436 -0.08791363560008662 0.08008245243125395 0.3213879516933591 0.7632110070058074 0.7734702615492705 0.8016418811534737 0.8266080289849391 0.8395588609033088 0.8765636428075078 0.8909688753387166 0.9264444969986708 0.9479526023615172 0.9792715490423572 0.993389165376988 1.0788598373238698 1.1179283532832944 1.1847492043988954 1.2457544922293486 1.4677697740289422
44 528 -0.2637516106449291 -0.09241586199872523 0.06972797070329464 0.3224352577192589 0.7632110070058074 0.7734702615492705 0.8016418811534737 0.8266080289849391 0.8395588609033088 0.8765636428075078 0.8909688753387166 0.9264444969986708 0.9479526023615172 0.9792715490423572 0.993389165376988 1.0788598373238698 1.1179283532832944 1.1847492043988954 1.2457544922293486 1.4677697740289422
45 540 -0.2529488217133068 -0.0779728919933975 0.08435336125148282 0.3166289625666677 0.7632110070058074 0.7734702615492705 0.8016418811534737 0.8266080289849391 0.8395588609033088 0.8765636428075078 0.8909688753387166 0.9264444969986708 0.9479526023615172 0.9792715490423572 0.993389165376988 1.0788598373238698 1.1179283532832944 1.1847492043988954 1.2457544922293486 1.4677697740289422
46 552 -0.2514885576755703 -0.07118456614264392 0.08311644991718342 0.33347237732061974 0.7632110070058074 0.7734702615492705 0.8016418811534737 0.8266080289849391 0.8395588609033088 0.8765636428075078 0.8909688753387166 0.9264444969986708 0.9479526023615172 0.9792715490423572 0.993389165376988 1.0788598373238698 1.1179283532832944 1.1847492043988954 1.2457544922293486 1.4677697740289422
47 564 -0.2503165657209848 -0.07394488010488959 0.08380055155024965 0.33780195148210074 0.7632110070058074 0.7734702615492705 0.8016418811534737 0.8266080289849391 0.8395588609033088 0.8765636428075078 0.8909688753387166 0.9264444969986708 0.9479526023615172 0.9792715490423572 0.993389165376988 1.0788598373238698 1.1179283532832944 1.1847492043988954 1.2457544922293486 1.4677697740289422
48 576 -0.24788037552672854 -0.07764254548829438 0.0845431067452419 0.36326145547632904 0.7632110070058074 0.7734702615492705 0.8016418811534737 0.8266080289849391 0.8395588609033088 0.8765636428075078 0.8909688753387166 0.9264444969986708 0.9479526023615172 0.9792715490423572 0.993389165376988 1.0788598373238698 1.1179283532832944 1.1847492043988954 1.2457544922293486 1.4677697740289422
49 588 -0.24486269752493933 -0.07685188603847541 0.088185024427757 0.3594787279260621 0.7110482170109519 0.7519826032634779 0.7877613987405785 0.8004645359212652 0.8142787911686825 0.85384187531351 0.9147383430011735 0.9211389026367215 0.9429017150182778 0.9527875903474546 1.01270437263618 1.0684279100871956 1.113723668287259 1.2122037619109747 1.2981562926407686 1.4937462231706276
50 600 -0.25003671316845943 -0.07046894762976516 0.09128803155035128 0.34626387533648495 0.7110482170109519 0.7519826032634779 0.7877613987405785 0.8004645359212652 0.8142787911686825 0.85384187531351 0.9147383430011735 0.9211389026367215 0.9429017150182778 0.9527875903474546 1.01270437263618 1.0684279100871956 1.113723668287259 1.2122037619109747 1.2981562926407686 1.4937462231706276
51 612 -0.23463047609668417 -0.0724165841712256 0.09089174147031967 0.3481905483985639 0.7110482170109519 0.7519826032634779 0.7877613987405785 0.8004645359212652 0.8142787911686825 0.85384187531351 0.9147383430011735 0.9211389026367215 0.9429017150182778 0.9527875903474546 1.01270437263618 1.0684279100871956 1.113723668287259 1.2122037619109747 1.2981562926407686 1.4937462231706276
52 624 -0.22651757271778178 -0.07635522551797802 0.09009697817761261 0.341035463495664 0.7110482170109519 0.7519826032634779 0.7877613987405785 0.8004645359212652 0.8142787911686825 0.85384187531351 0.9147383430011735 0.9211389026367215 0.9429017150182778 0.9527875903474546 1.01270437263618 1.0684279100871956 1.113723668287259 1.2122037619109747 1.2981562926407686 1.4937462231706276
53 636 -0.24458599875952117 -0.0688087650888127 0.08938791369082594 0.3399114180228936 0.7110482170109519 0.7519826032634779 0.7877613987405785 0.8004645359212652 0.8142787911686825 0.85384187531351 0.9147383430011735 0.9211389026367215 0.9429017150182778 0.9527875903474546 1.01270437263618 1.0684279100871956 1.113723668287259 1.2122037619109747 1.2981562926407686 1.4937462231706276
54 648 -0.27592022185995585 -0.08167891128472263 0.10263174082100206 0.3574780031501453 0.7110482170109519 0.7519826032634779 0.7877613987405785 0.8004645359212652 0.8142787911686825 0.85384187531351 0.9147383430011735 0.9211389026367215 0.9429017150182778 0.9527875903474546 1.01270437263618 1.0684279100871956 1.113723668287259 1.2122037619109747 1.2981562926407686 1.4937462231706276
55 660 -0.2918914569100133 -0.07720880295736811 0.10112023191251054 0.35888117499888794 0.7110482170109519 0.7519826032634779 0.7877613987405785 0.8004645359212652 0.8142787911686825 0.85384187531351 0.9147383430011735 0.9211389026367215 0.9429017150182778 0.9527875903474546 1.01270437263618 1.0684279100871956 1.113723668287259 1.2122037619109747 1.2981562926407686 1.4937462231706276
56 672 -0.2987989409178301 -0.08400821992173448 0.10896504566872675 0.3507731197176225 0.7110482170109519 0.7519826032634779 0.7877613987405785 0.8004645359212652 0.8142787911686825 0.85384187531351 0.9147383430011735 0.9211389026367215 0.9429017150182778 0.9527875903474546 1.01270437263618 1.0684279100871956 1.113723668287259 1.2122037619109747 1.2981562926407686 1.4937462231706276
57 684 -0.30226994059978746 -0.08592478966915182 0.10818280245038787 0.35897581508713095 0.7110482170109519 0.7519826032634779 0.7877613987405785 0.8004645359212652 0.8142787911686825 0.85384187531351 0.9147383430011735 0.9211389026367215 0.9429017150182778 0.9527875903474546 1.01270437263618 1.0684279100871956 1.113723668287259 1.2122037619109747 1.2981562926407686 1.4937462231706276
58 696 -0.31022241757297564 -0.08827402104347423 0.09629879597618649 0.3542554758344822 0.7110482170109519 0.7519826032634779 0.7877613987405785 0.8004645359212652 0.8142787911686825 0.85384187531351 0.9147383430011735 0.9211389026367215 0.9429017150182778 0.9527875903474546 1.01270437263618 1.0684279100871956 1.113723668287259 1.2122037619109747 1.2981562926407686 1.4937462231706276
59 708 -0.30162057450631846 -0.08099761010669965 0.09863736614540894 0.3388057702053002 0.7110482170109519 0.7519826032634779 0.7877613987405785 0.8004645359212652 0.8142787911686825 0.85384187531351 0.9147383430011735 0.9211389026367215 0.9429017150182778 0.9527875903474546 1.01270437263618 1.0684279100871956 1.113723668287259 1.2122037619109747 1.2981562926407686 1.4937462231706276
60 720 -0.28609631915010403 -0.08204219900427798 0.09999060553963625 0.34438596939970345 0.7110482170109519 0.7519826032634779 0.7877613987405785 0.8004645359212652 0.8142787911686825 0.85384187531351 0.9147383430011735 0.9211389026367215 0.9429017150182778 0.9527875903474546 1.01270437263618 1.0684279100871956 1.113723668287259 1.2122037619109747 1.2981562926407686 1.4937462231706276
61 732 -0.284145485348025 -0.07738250408015199 0.0966314197328911 0.34825082585724765 0.7110482170109519 0.7519826032634779 0.7877613987405785 0.8004645359212652 0.8142787911686825 0.85384187531351 0.9147383430011735 0.9211389026367215 0.9429017150182778 0.9527875903474546 1.01270437263618 1.0684279100871956 1.113723668287259 1.2122037619109747 1.2981562926407686 1.4937462231706276
62 744 -0.2990655773170653 -0.0718472421351842 0.09390135635183554 0.3399185221340899 0.7110482170109519 0.7519826032634779 0.7877613987405785 0.8004645359212652 0.8142787911686825 0.85384187531351 0.9147383430011735 0.9211389026367215 0.9429017150182778 0.9527875903474546 1.01270437263618 1.0684279100871956 1.113723668287259 1.2122037619109747 1.2981562926407686 1.4937462231706276
63 756 -0.28679068460660884 -0.07145461492992614 0.09501478222952833 0.3392861466250933 0.7110482170109519 0.7519826032634779 0.7877613987405785 0.8004645359212652 0.8142787911686825 0.85384187531351 0.9147383430011735 0.9211389026367215 0.9429017150182778 0.9527875903474546 1.01270437263618 1.0684279100871956 1.113723668287259 1.2122037619109747 1.2981562926407686 1.4937462231706276
64 768 -0.28388569314331935 -0.07289972048246812 0.09277296201508639 0.3339594955043965 0.7110482170109519 0.7519826032634779 0.7877613987405785 0.8004645359212652 0.8142787911686825 0.85384187531351 0.9147383430011735 0.9211389026367215 0.9429017150182778 0.9527875903474546 1.01270437263618 1.0684279100871956 1.113723668287259 1.2122037619109747 1.2981562926407686 1.4937462231706276
65 780 -0.27877184261727683 -0.07025889335753503 0.0963360452488111 0.3502820273673427 0.6714339842038746 0.6883956510015873 0.7511956272727494 0.7931445117545615 0.8293646182483304 0.879280687718742 0.8994083813295305 0.9204337561882596 0.964376360532454 0.9749990915230512 1.0142640104136864 1.0546995462268896 1.118843122439737 1.2454905450295655 1.3315676432355128 1.472040822833176
66 792 -0.2812438846878332 -0.06964146570943668 0.08979094807350485 0.355250224678662 0.6714339842038746 0.6883956510015873 0.7511956272727494 0.7931445117545615 0.8293646182483304 0.879280687718742 0.8994083813295305 0.9204337561882596 0.964376360532454 0.9749990915230512 1.0142640104136864 1.0546995462268896 1.118843122439737 1.2454905450295655 1.3315676432355128 1.472040822833176
67 804 -0.2571492608110525 -0.06719721631099732 0.0978358365591707 0.3463266784790503 0.6714339842038746 0.6883956510015873 0.7511956272727494 0.7931445117545615 0.8293646182483304 0.879280687718742 0.8994083813295305 0.9204337561882596 0.964376360532454 0.9749990915230512 1.0142640104136864 1.0546995462268896 1.118843122439737 1.2454905450295655 1.3315676432355128 1.472040822833176
68 816 -0.2640500284248817 -0.06708185543842982 0.09543433144562183 0.33796602858532654 0.6714339842038746 0.6883956510015873 0.7511956272727494 0.7931445117545615 0.8293646182483304 0.879280687718742 0.8994083813295305 0.9204337561882596 0.964376360532454 0.9749990915230512 1.0142640104136864 1.0546995462268896 1.118843122439737 1.2454905450295655 1.3315676432355128 1.472040822833176
69 828 -0.26839726104967826 -0.07004320095935881 0.09666238616199496 0.32813749975435147 0.6714339842038746 0.6883956510015873 0.7511956272727494 0.7931445117545615 0.8293646182483304 0.879280687718742 0.8994083813295305 0.9204337561882596 0.964376360532454 0.9749990915230512 1.0142640104136864 1.0546995462268896 1.118843122439737 1.2454905450295655 1.3315676432355128 1.472040822833176
70 840 -0.25500792853831095 -0.06996119259086259 0.09175356462007456 0.3203748880750344 0.6714339842038746 0.6883956510015873 0.7511956272727494 0.7931445117545615 0.8293646182483304 0.879280687718742 0.8994083813295305 0.9204337561882596 0.964376360532454 0.9749990915230512 1.0142640104136864 1.0546995462268896 1.118843122439737 1.2454905450295655 1.3315676432355128 1.472040822833176
71 852 -0.26689931879163065 -0.07702561909863379 0.09109695288549052 0.32929310829304054 0.6714339842038746 0.6883956510015873 0.7511956272727494 0.7931445117545615 0.8293646182483304 0.879280687718742 0.8994083813295305 0.9204337561882596 0.964376360532454 0.9749990915230512 1.0142640104136864 1.0546995462268896 1.118843122439737 1.2454905450295655 1.3315676432355128 1.472040822833176
72 864 -0.2652376975224282 -0.07375051505575014 0.0926429552619408 0.3394963220751036 0.6714339842038746 0.6883956510015873 0.7511956272727494 0.7931445117545615 0.8293646182483304 0.879280687718742 0.8994083813295305 0.9204337561882596 0.964376360532454 0.9749990915230512 1.0142640104136864 1.0546995462268896 1.118843122439737 1.2454905450295655 1.3315676432355128 1.472040822833176
73 876 -0.2728107218213945 -0.0732826572863137 0.09515551823545826 0.3390449098995418 0.6714339842038746 0.6883956510015873 0.7511956272727494 0.7931445117545615 0.8293646182483304 0.879280687718742 0.8994083813295305 0.9204337561882596 0.964376360532454 0.9749990915230512 1.0142640104136864 1.0546995462268896 1.118843122439737 1.2454905450295655 1.3315676432355128 1.472040822833176
74 888 -0.2724663688000187 -0.06966599797564407 0.09844868484608765 0.33335265599017305 0.6714339842038746 0.6883956510015873 0.7511956272727494 0.7931445117545615 0.8293646182483304 0.879280687718742 0.8994083813295305 0.9204337561882596 0.964376360532454 0.9749990915230512 1.0142640104136864 1.0546995462268896 1.118843122439737 1.2454905450295655 1.3315676432355128 1.472040822833176
75 900 -0.29508816291299367 -0.06935834931472831 0.09200333094344035 0.33157008439068975 0.6714339842038746 0.6883956510015873 0.7511956272727494 0.7931445117545615 0.8293646182483304 0.879280687718742 0.8994083813295305 0.9204337561882596 0.964376360532454 0.9749990915230512 1.0142640104136864 1.0546995462268896 1.118843122439737 1.2454905450295655 1.3315676432355128 1.472040822833176
76 912 -0.2846459142620588 -0.07456361399365083 0.09620494707786595 0.3227924413415514 0.6714339842038746 0.6883956510015873 0.7511956272727494 0.7931445117545615 0.8293646182483304 0.879280687718742 0.8994083813295305 0.9204337561882596 0.964376360532454 0.9749990915230512 1.0142640104136864 1.0546995462268896 1.118843122439737 1.2454905450295655 1.3315676432355128 1.472040822833176
77 924 -0.28223963009827563 -0.0763083061309297 0.08441104436668706 0.3353686041423012 0.6714339842038746 0.6883956510015873 0.7511956272727494 0.7931445117545615 0.8293646182483304 0.879280687718742 0.8994083813295305 0.9204337561882596 0.964376360532454 0.9749990915230512 1.0142640104136864 1.0546995462268896 1.118843122439737 1.2454905450295655 1.3315676432355128 1.472040822833176
78 936 -0.2774853154013809 -0.07177954099500501 0.08499417474232955 0.35843442526316177 0.6714339842038746 0.6883956510015873 0.7511956272727494 0.7931445117545615 0.8293646182483304 0.879280687718742 0.8994083813295305 0.9204337561882596 0.964376360532454 0.9749990915230512 1.0142640104136864 1.0546995462268896 1.118843122439737 1.2454905450295655 1.3315676432355128 1.472040822833176
79 948 -0.2860037122320211 -0.06703189978605822 0.0901163783897661 0.36030647854995834 0.6714339842038746 0.6883956510015873 0.7511956272727494 0.7931445117545615 0.8293646182483304 0.879280687718742 0.8994083813295305 0.9204337561882596 0.964376360532454 0.9749990915230512 1.0142640104136864 1.0546995462268896 1.118843122439737 1.2454905450295655 1.3315676432355128 1.472040822833176
80 960 -0.2742337339476838 -0.06787357077767249 0.08740925365132382 0.3704780112014055 0.6714339842038746 0.6883956510015873 0.7511956272727494 0.7931445117545615 0.8293646182483304 0.879280687718742 0.8994083813295305 0.9204337561882596 0.964376360532454 0.9749990915230512 1.0142640104136864 1.0546995462268896 1.118843122439737 1.2454905450295655 1.3315676432355128 1.472040822833176
81 972 -0.259214657964482 -0.05636083469330519 0.08304907379222662 0.3348033599109922 0.6272584773086387 0.6867615453323775 0.7431131228177887 0.7548438517847822 0.8041652060153713 0.8574673511314774 0.8975185614462188 0.9598459992086217 1.011909142341558 1.0365087951496152 1.0551348317338478 1.0965953170617693 1.1514419220821732 1.203293760606722 1.2904107111673366 1.4321618645952265
82 984 -0.2583564842405526 -0.05691052501652187 0.08857833533486176 0.35545221497273205 0.6272584773086387 0.6867615453323775 0.7431131228177887 0.7548438517847822 0.8041652060153713 0.8574673511314774 0.8975185614462188 0.9598459992086217 1.011909142341558 1.0365087951496152 1.0551348317338478 1.0965953170617693 1.1514419220821732 1.203293760606722 1.2904107111673366 1.4321618645952265
83 996 -0.24699595584144965 -0.06303657763374881 0.0841296470924545 0.36428875236886055 0.6272584773086387 0.6867615453323775 0.7431131228177887 0.7548438517847822 0.8041652060153713 0.8574673511314774 0.8975185614462188 0.9598459992086217 1.011909142341558 1.0365087951496152 1.0551348317338478 1.0965953170617693 1.1514419220821732 1.203293760606722 1.2904107111673366 1.4321618645952265
84 1008 -0.23804157832810827 -0.05814611134250712 0.08414351646413763 0.3660414554578564 0.6272584773086387 0.6867615453323775 0.7431131228177887 0.7548438517847822 0.8041652060153713 0.8574673511314774 0.8975185614462188 0.9598459992086217 1.011909142341558 1.0365087951496152 1.0551348317338478 1.0965953170617693 1.1514419220821732 1.203293760606722 1.2904107111673366 1.4321618645952265
85 1020 -0.2374563402867187 -0.05305396406485342 0.0844296926369215 0.34899319639017284 0.6272584773086387 0.6867615453323775 0.7431131228177887 0.7548438517847822 0.8041652060153713 0.8574673511314774 0.8975185614462188 0.9598459992086217 1.011909142341558 1.0365087951496152 1.0551348317338478 1.0965953170617693 1.1514419220821732 1.203293760606722 1.2904107111673366 1.4321618645952265
86 1032 -0.22498314316401005 -0.05111963912086666 0.08740070078001844 0.35133564480228474 0.6272584773086387 0.6867615453323775 0.7431131228177887 0.7548438517847822 0.8041652060153713 0.8574673511314774 0.8975185614462188 0.9598459992086217 1.011909142341558 1.0365087951496152 1.0551348317338478 1.0965953170617693 1.1514419220821732 1.203293760606722 1.2904107111673366 1.4321618645952265
87 1044 -0.23640444368668637 -0.045523623389681515 0.09489831332752999 0.3710081054932991 0.6272584773086387 0.6867615453323775 0.7431131228177887 0.7548438517847822 0.8041652060153713 0.8574673511314774 0.8975185614462188 0.9598459992086217 1.011909142341558 1.0365087951496152 1.0551348317338478 1.0965953170617693 1.1514419220821732 1.203293760606722 1.2904107111673366 1.4321618645952265
88 1056 -0.25004036390423917 -0.051323840693377504 0.10082453164907038 0.3766034174051176 0.6272584773086387 0.6867615453323775 0.7431131228177887 0.7548438517847822 0.8041652060153713 0.8574673511314774 0.8975185614462188 0.9598459992086217 1.011909142341558 1.0365087951496152 1.0551348317338478 1.0965953170617693 1.1514419220821732 1.203293760606722 1.2904107111673366 1.4321618645952265
89 1068 -0.2576001759551676 -0.049543097168868115 0.10686835857248901 0.3869326656191581 0.6272584773086387 0.6867615453323775 0.7431131228177887 0.7548438517847822 0.8041652060153713 0.8574673511314774 0.8975185614462188 0.9598459992086217 1.011909142341558 1.0365087951496152 1.0551348317338478 1.0965953170617693 1.1514419220821732 1.203293760606722 1.2904107111673366 1.4321618645952265
90 1080 -0.2553335529615034 -0.0508541695057986 0.11172315331908063 0.3829077688380983 0.6272584773086387 0.6867615453323775 0.7431131228177887 0.7548438517847822 0.8041652060153713 0.8574673511314774 0.8975185614462188 0.9598459992086217 1.011909142341558 1.0365087951496152 1.0551348317338478 1.0965953170617693 1.1514419220821732 1.203293760606722 1.2904107111673366 1.4321618645952265
91 1092 -0.24678635557198983 -0.04278488452915136 0.11677138693998403 0.3908680135704601 0.6272584773086387 0.6867615453323775 0.7431131228177887 0.7548438517847822 0.8041652060153713 0.8574673511314774 0.8975185614462188 0.9598459992086217 1.011909142341558 1.0365087951496152 1.0551348317338478 1.0965953170617693 1.1514419220821732 1.203293760606722 1.2904107111673366 1.4321618645952265
92 1104 -0.24513022274370175 -0.03668419573523134 0.12022583263943401 0.4076512068495641 0.6272584773086387 0.6867615453323775 0.7431131228177887 0.7548438517847822 0.8041652060153713 0.8574673511314774 0.8975185614462188 0.9598459992086217 1.011909142341558 1.0365087951496152 1.0551348317338478 1.0965953170617693 1.1514419220821732 1.203293760606722 1.2904107111673366 1.4321618645952265
93 1116 -0.23870722461779298 -0.035459573599440165 0.129711394965482 0.41313135624697434 0.6272584773086387 0.6867615453323775 0.7431131228177887 0.7548438517847822 0.8041652060153713 0.8574673511314774 0.8975185614462188 0.9598459992086217 1.011909142341558 1.0365087951496152 1.0551348317338478 1.0965953170617693 1.1514419220821732 1.203293760606722 1.2904107111673366 1.4321618645952265
94 1128 -0.22955216949043308 -0.043807917298892884 0.13552972912142217 0.4142027286663994 0.6272584773086387 0.6867615453323775 0.7431131228177887 0.7548438517847822 0.8041652060153713 0.8574673511314774 0.8975185614462188 0.9598459992086217 1.011909142341558 1.0365087951496152 1.0551348317338478 1.0965953170617693 1.1514419220821732 1.203293760606722 1.2904107111673366 1.4321618645952265
95 1140 -0.22861408405931605 -0.04596785577331332 0.14344627346823424 0.4195905674387261 0.6272584773086387 0.6867615453323775 0.7431131228177887 0.7548438517847822 0.8041652060153713 0.8574673511314774 0.8975185614462188 0.9598459992086217 1.011909142341558 1.0365087951496152 1.0551348317338478 1.0965953170617693 1.1514419220821732 1.203293760606722 1.2904107111673366 1.4321618645952265
96 1152 -0.2199349914547191 -0.04259290237940079 0.14783251098616543 0.40851166115431686 0.6272584773086387 0.6867615453323775 0.7431131228177887 0.7548438517847822 0.8041652060153713 0.8574673511314774 0.8975185614462188 0.9598459992086217 1.011909142341558 1.0365087951496152 1.0551348317338478 1.0965953170617693 1.1514419220821732 1.203293760606722 1.2904107111673366 1.4321618645952265
97 1164 -0.22493399602708047 -0.037430938858999174 0.15146504035280545 0.4016428000456371 0.5694056390889913 0.6651415920880773 0.715638167800829 0.742347327037395 0.7914335396745195 0.8549977316624853 0.8771707892985872 0.9214855700423508 0.9315530889639922 0.9766988125360012 1.055186846282499 1.101020477928313 1.1459056850659106 1.2194116533301382 1.251930294227449 1.636888126571195
98 1176 -0.22153651711531527 -0.0412403834642236 0.15361292249575187 0.392466608705489 0.5694056390889913 0.6651415920880773 0.715638167800829 0.742347327037395 0.7914335396745195 0.8549977316624853 0.8771707892985872 0.9214855700423508 0.9315530889639922 0.9766988125360012 1.055186846282499 1.101020477928313 1.1459056850659106 1.2194116533301382 1.251930294227449 1.636888126571195
99 1188 -0.2417918743418897 -0.03838822802704636 0.16245305242701824 0.40298249506975986 0.5694056390889913 0.6651415920880773 0.715638167800829 0.742347327037395 0.7914335396745195 0.8549977316624853 0.8771707892985872 0.9214855700423508 0.9315530889639922 0.9766988125360012 1.055186846282499 1.101020477928313 1.1459056850659106 1.2194116533301382 1.251930294227449 1.636888126571195
100 1200 -0.23302350589633883 -0.04010725928278748 0.16321396868872515 0.39329134573175156 0.5694056390889913 0.6651415920880773 0.715638167800829 0.742347327037395 0.7914335396745195 0.8549977316624853 0.8771707892985872 0.9214855700423508 0.9315530889639922 0.9766988125360012 1.055186846282499 1.101020477928313 1.1459056850659106 1.2194116533301382 1.251930294227449 1.636888126571195
100 1200 -0.23302350589633883 -0.04010725928278748 0.16321396868872515 0.39329134573175156 0.5694056390889913 0.6651415920880773 0.715638167800829 0.742347327037395 0.7914335396745195 0.8549977316624853 0.8771707892985872 0.9214855700423508 0.9315530889639922 0.9766988125360012 1.055186846282499 1.101020477928313 1.1459056850659106 1.2194116533301382 1.251930294227449 1.636888126571195
